m

1m1ffiwwmmfflmmffi8
mmmmfflmmm
m

119: 111 118 181 185 111 111 11111
m

1:13: 141188811185.

111; 111 185 1181

uffifflmmffimmmm
m

mmmwmfflmffim
mm

mmmmmffimmwm

118: 140188811185.

1mmmfflmmmfflw
mm

1⁹20: 1371113141 1888111185.

mmmwm1

199.- 111 115111 185 181.

111; 111 185 181 111 111.

1111181

1918: 140 188811. 185,

1111ω

mmwffi

mwwmmffi

188wffifflmmmm
mmmmmmm

199: 98 88sqq. 139 111 185 197 999
mmm

mwmwwm ·

mfflQmmmw.

1111111111ω1
mmmmmmmffl
mm ,

111; 181 188 189 909 999199 918.

139: 17sqq. 7554 76 86 91 139 176
mmmmmmmffl
9mmmmwmm

mmmmmmfflffi

1mfflffimm

137: 8947 47811. 69811. 71 75sq. 86
mmmmmfflmw
mmmmmmfflw
mmmmmww
wmm

mwfflffifflfflwfflmffi
uwwmwmmm
mmmmmmw
mmmm

19wwwmmwm

mwfflfflfflmmffl

138 176 185 187 190 889 830
838 833 836 8376118) 838 840
848 8473 848.

141.· 5428 66 69 188811, 13817617781.
185 193 889 830838 834 837 838
840 841 850.

148· 3552 4381. 5428 6412 85 98811. 96
ffifflwmwmwm
148 177 185 199 1998180581.
889 830 831 8381518) 8368 837
838 8473 8488118) 850.

119: 138151 184 185187191 811 813
815 881.

1441 138 185187 193 808 808811.

145.· 9413 138 153 177sq. 185197 885
886 889 830 837 846 849.

146.· 93 111.

147.· 11 8881. 9413 111 134 13511118)
15381. 178 180 185 197 88481.
880889 830 847 850.

118.- 41 118 141 146 168 16881. 178
185 847.

119: 13881, 187 188 189 808 889 830
831847850.

150: 38 3857 6848 80 109·18 138 148
150811. 165 17781. 185193193185
88481. 843 844 845 846 847.

151: 141 185.

159: 113sq. 173 848,

153: 187 188 909.

154: 137108 186 188 189.

155.· 141 173 185.

156.· 137108 186 188 189.

157: 118sq. 181 174199848.

158: 138171.

150: 156128 19481. 847.

111181 11381. 133 141 177 185830
838 8381 839 8473.

161;14181.185187808. ,

108; 14181. 185 187 808.

1631 40 70811. 7554 81 176 198 889
83011118) 838 8381 839 847 848.

169: 138153 15515612617781. 185.

165: 119 917. -

166: 13181176189889830831847848,

111111.

188: 139 17781. 185 889.

1119.- 117sq. 140148 164137177185187
19011118) 808 889 830 838 839.

179: 111 185.

 

