· INDICES.

[Numeri maiores paginas, minores notas respiciam]

1. INDEX EPIGRAMMATUM.

(Epigrammatum numeri Bergkiani3 cs. 6363663139 n. 1.)

82: 771 136. 98.· 47366. 755176 86 9036. ’109511 136
89: 187 1881613) 767 77636. 777158 779 146 147 164131 177 184 185 768
7368 747. 71836. 777168 770 730 731 737

90.· 771 81 97366. 96161366, 116111 737 738 74113747 7473 750.
1931613) 7361613) 731 747. 99.· 3552 11462 139 179366. 184 185

91 ; 3sqq. 42 1336. 1311 78 31366. 391 186 761 71136. 714366. 777168
5428 81 85 97366. 1161616139 174 77736. 730 7473.

177 179366. 185186194199701 100.- 3552 96 9736. 11462 139179366.
703 765161 706 776 7791613) 7301613) 184 185 186 701 707 717 777156
737 739 741 74112 746 747 756. 730 7473.

92: 3sqq. 78 31366. 391 43 5428 68 76 101.- 96 9736. 116136140147179187

81 87 831613) 8436. 85 91 139 174 187 185186 779 7478,
177 179366. 181 181 185 186 194 107.· 7815 141 187366, 184185 187 761
199 701 703 707 708 7171613) 777158 716366. 777168 779 737 740 741 756.
776 7791613) 7361613) 737 739 741 103: 65 146 184 185187 196 707 713
747746 747 748 756. 716366. 776 771.

93: 77 7332 7743 77185, 104· 77197366. 110. -

94.· 3366. 78 31366. 81 1361112141 147 105.· 3552 47 115146 179 184185186
174 177 184 185 703 705161 708 1901613) 761 704 714366. 717 719
77036. 777168 776 7791613) 7301613) 777168 779 731 737 735 7368 737

. 737739 746747 756. 739 756.

95;140184185187190707713719366. 106: 44 140 184 185 713366. 717 719
771 7368. . 770 771.

96: 3636. 47366. 6736. 6817 76 79 80 107: 38 7836. 962 16918 115 77636.
87 86 9036. 98 169 18136. 185 767 777168 779 731 7358 747 748
779 730731 7371613) 7371613) 738 749 750.

746741747748750. 108.- 38 80 16918 ’139 17936185186

97 .· 44 47366. 68 69 7551 76 86 91 ’ 761 77036. 777168 773 779 731
97366. 96 9736. 109 116111 139 737 735 737 730 7473 750.

177 179366. 187 185 186 190 701 109· 146 ’141 149 185187 106 767 743
713 713 779 730 731 7371613) 736 748.

737 739743 747 7473 748 750. 110.- 137133140167366185187196701.

 

